Accuracy: 0.64154
Precision: 0.9941333333333333
Recall: 0.12186790016508393
F1: 0.21711972743553531
ROC_AUC: 0.7618360455759274

Confusion Matrix
[[88775    44]
 [53725  7456]]
