Accuracy : 0.88212
Precision: 0.7813902940757895
Recall   : 0.9871692192020398
F1 Score : 0.8723081589323628
ROC AUC  : 0.9681883909660087
