Accuracy : 0.9192133333333333
Precision: 0.8379785900279679
Recall   : 0.9941485101583825
F1 Score : 0.9094076134086899
ROC AUC  : 0.9808053493559613
