Accuracy : 0.9197866666666666
Precision: 0.8441854927940167
Recall   : 0.9851751360716562
F1 Score : 0.9092472469452406
ROC AUC  : 0.9794813487406611
