Accuracy=0.91434
Precision=0.8351640731186375
Recall=0.9842434742812312
F1=0.9035961075305928
ROC_AUC=0.9774300997130504
